2.000      1215
2.020      1202
2.040      1183
2.060      1169
2.080      1156
2.100      1135
2.120      1107
2.140      1109
2.160      1063
2.180      1062
2.200      1020
2.220      1011
2.240       978
2.260       966
2.280       952
2.300       941
2.320       908
2.340       896
2.360       883
2.380       890
2.400       855
2.420       850
2.440       829
2.460       809
2.480       784
2.500       775
2.520       760
2.540       752
2.560       741
2.580       726
2.600       724
2.620       691
2.640       681
2.660       661
2.680       659
2.700       645
2.720       628
2.740       628
2.760       616
2.780       609
2.800       600
2.820       569
2.840       557
2.860       550
2.880       546
2.900       534
2.920       532
2.940       527
2.960       521
2.980       508
3.000       492
3.020       481
3.040       468
3.060       469
3.080       471
3.100       446
3.120       441
3.140       450
3.160       424
3.180       423
3.200       421
3.220       405
3.240       397
3.260       380
3.280       373
3.300       358
3.320       351
3.340       342
3.360       329
3.380       329
3.400       320
3.420       314
3.440       304
3.460       314
3.480       290
3.500       295
3.520       298
3.540       286
3.560       284
3.580       281
3.600       271
3.620       273
3.640       265
3.660       269
3.680       270
3.700       255
3.720       257
3.740       260
3.760       252
3.780       248
3.800       243
3.820       244
3.840       245
3.860       244
3.880       239
3.900       232
3.920       229
3.940       220
3.960       222
3.980       224
4.000       214
4.020       228
4.040       216
4.060       219
4.080       219
4.100       210
4.120       217
4.140       214
4.160       208
4.180       207
4.200       206
4.220       202
4.240       198
4.260       195
4.280       198
4.300       203
4.320       199
4.340       194
4.360       193
4.380       197
4.400       191
4.420       195
4.440       189
4.460       196
4.480       191
4.500       186
4.520       183
4.540       183
4.560       175
4.580       182
4.600       180
4.620       174
4.640       173
4.660       176
4.680       177
4.700       181
4.720       174
4.740       177
4.760       176
4.780       177
4.800       162
4.820       168
4.840       166
4.860       164
4.880       158
4.900       170
4.920       162
4.940       164
4.960       158
4.980       160
5.000       163
5.020       150
5.040       142
5.060       145
5.080       142
5.100       140
5.120       138
5.140       140
5.160       142
5.180       138
5.200       136
5.220       138
5.240       140
5.260       132
5.280       136
5.300       129
5.320       133
5.340       135
5.360       130
5.380       132
5.400       131
5.420       124
5.440       129
5.460       130
5.480       130
5.500       120
5.520       127
5.540       125
5.560       125
5.580       120
5.600       123
5.620       124
5.640       116
5.660       122
5.680       116
5.700       124
5.720       110
5.740       117
5.760       115
5.780       119
5.800       112
5.820       109
5.840       110
5.860       113
5.880       109
5.900       117
5.920       107
5.940       107
5.960       108
5.980       108
6.000       111
6.020       104
6.040       101
6.060       108
6.080       102
6.100       100
6.120       103
6.140       102
6.160       107
6.180        95
6.200       100
6.220       102
6.240        99
6.260        97
6.280        98
6.300       105
6.320       105
6.340        97
6.360        97
6.380        98
6.400        95
6.420        96
6.440       100
6.460       100
6.480        95
6.500        99
6.520        90
6.540        91
6.560        92
6.580        94
6.600        91
6.620        93
6.640        92
6.660        93
6.680        88
6.700        95
6.720        89
6.740        91
6.760        88
6.780        88
6.800        87
6.820        83
6.840        88
6.860        89
6.880        87
6.900        85
6.920        87
6.940        86
6.960        83
6.980        86
7.000        80
7.020        81
7.040        87
7.060        79
7.080        82
7.100        78
7.120        86
7.140        77
7.160        84
7.180        80
7.200        79
7.220        82
7.240        81
7.260        78
7.280        81
7.300        75
7.320        76
7.340        78
7.360        76
7.380        77
7.400        74
7.420        79
7.440        76
7.460        78
7.480        75
7.500        72
7.520        76
7.540        72
7.560        74
7.580        74
7.600        73
7.620        72
7.640        75
7.660        75
7.680        77
7.700        79
7.720        71
7.740        74
7.760        73
7.780        70
7.800        68
7.820        67
7.840        76
7.860        69
7.880        71
7.900        66
7.920        73
7.940        71
7.960        66
7.980        69
8.000        71
8.020        72
8.040        70
8.060        71
8.080        70
8.100        67
8.120        65
8.140        68
8.160        69
8.180        69
8.200        65
8.220        63
8.240        68
8.260        64
8.280        68
8.300        64
8.320        68
8.340        68
8.360        67
8.380        64
8.400        65
8.420        68
8.440        66
8.460        62
8.480        56
8.500        66
8.520        63
8.540        62
8.560        57
8.580        57
8.600        60
8.620        60
8.640        58
8.660        60
8.680        65
8.700        65
8.720        60
8.740        60
8.760        59
8.780        59
8.800        59
8.820        61
8.840        62
8.860        66
8.880        63
8.900        64
8.920        62
8.940        66
8.960        65
8.980        66
9.000        64
9.020        68
9.040        68
9.060        66
9.080        60
9.100        63
9.120        64
9.140        65
9.160        61
9.180        64
9.200        62
9.220        59
9.240        63
9.260        67
9.280        64
9.300        60
9.320        61
9.340        57
9.360        56
9.380        59
9.400        64
9.420        56
9.440        58
9.460        58
9.480        63
9.500        63
9.520        61
9.540        61
9.560        57
9.580        59
9.600        58
9.620        58
9.640        57
9.660        61
9.680        54
9.700        55
9.720        59
9.740        59
9.760        62
9.780        60
9.800        54
9.820        62
9.840        58
9.860        54
9.880        54
9.900        57
9.920        57
9.940        56
9.960        59
9.980        59
10.000        58
10.020        55
10.040        55
10.060        56
10.080        57
10.100        56
10.120        54
10.140        59
10.160        56
10.180        55
10.200        60
10.220        51
10.240        54
10.260        57
10.280        49
10.300        56
10.320        58
10.340        53
10.360        57
10.380        58
10.400        54
10.420        56
10.440        61
10.460        51
10.480        53
10.500        51
10.520        50
10.540        54
10.560        57
10.580        52
10.600        54
10.620        52
10.640        52
10.660        53
10.680        55
10.700        58
10.720        50
10.740        57
10.760        49
10.780        53
10.800        55
10.820        55
10.840        54
10.860        54
10.880        52
10.900        51
10.920        54
10.940        55
10.960        54
10.980        53
11.000        52
11.020        54
11.040        53
11.060        54
11.080        54
11.100        51
11.120        53
11.140        54
11.160        51
11.180        51
11.200        53
11.220        52
11.240        48
11.260        50
11.280        54
11.300        56
11.320        46
11.340        50
11.360        49
11.380        54
11.400        50
11.420        52
11.440        46
11.460        51
11.480        50
11.500        49
11.520        53
11.540        52
11.560        51
11.580        50
11.600        46
11.620        49
11.640        47
11.660        52
11.680        51
11.700        51
11.720        49
11.740        50
11.760        48
11.780        49
11.800        48
11.820        50
11.840        47
11.860        49
11.880        49
11.900        47
11.920        51
11.940        47
11.960        49
11.980        48
12.000        50
12.020        48
12.040        50
12.060        50
12.080        48
12.100        49
12.120        52
12.140        45
12.160        51
12.180        46
12.200        46
12.220        49
12.240        48
12.260        47
12.280        49
12.300        49
12.320        49
12.340        49
12.360        47
12.380        48
12.400        48
12.420        54
12.440        50
12.460        47
12.480        50
12.500        46
12.520        44
12.540        45
12.560        48
12.580        51
12.600        50
12.620        47
12.640        48
12.660        50
12.680        56
12.700        55
12.720        52
12.740        54
12.760        51
12.780        53
12.800        51
12.820        48
12.840        51
12.860        53
12.880        53
12.900        52
12.920        56
12.940        47
12.960        52
12.980        49
13.000        48
13.020        48
13.040        51
13.060        49
13.080        48
13.100        54
13.120        51
13.140        48
13.160        48
13.180        46
13.200        44
13.220        43
13.240        47
13.260        47
13.280        43
13.300        50
13.320        47
13.340        42
13.360        45
13.380        43
13.400        44
13.420        36
13.440        40
13.460        41
13.480        40
13.500        45
13.520        40
13.540        42
13.560        39
13.580        41
13.600        42
13.620        37
13.640        40
13.660        39
13.680        41
13.700        38
13.720        40
13.740        38
13.760        38
13.780        39
13.800        38
13.820        39
13.840        37
13.860        42
13.880        38
13.900        41
13.920        40
13.940        39
13.960        38
13.980        37
14.000        37
14.020        34
14.040        37
14.060        36
14.080        35
14.100        39
14.120        38
14.140        40
14.160        40
14.180        36
14.200        37
14.220        36
14.240        36
14.260        34
14.280        37
14.300        36
14.320        35
14.340        37
14.360        40
14.380        35
14.400        31
14.420        33
14.440        35
14.460        36
14.480        32
14.500        36
14.520        36
14.540        37
14.560        33
14.580        37
14.600        36
14.620        32
14.640        34
14.660        36
14.680        35
14.700        35
14.720        34
14.740        36
14.760        37
14.780        35
14.800        34
14.820        37
14.840        33
14.860        33
14.880        33
14.900        35
14.920        33
14.940        37
14.960        31
14.980        30
15.000        33
15.020        30
15.040        30
15.060        34
15.080        32
15.100        35
15.120        32
15.140        31
15.160        34
15.180        33
15.200        34
15.220        32
15.240        35
15.260        31
15.280        34
15.300        32
15.320        31
15.340        34
15.360        35
15.380        30
15.400        32
15.420        34
15.440        33
15.460        34
15.480        31
15.500        33
15.520        33
15.540        32
15.560        33
15.580        33
15.600        34
15.620        32
15.640        32
15.660        34
15.680        34
15.700        34
15.720        30
15.740        30
15.760        32
15.780        30
15.800        32
15.820        31
15.840        33
15.860        34
15.880        29
15.900        34
15.920        31
15.940        29
15.960        32
15.980        33
16.000        32
16.020        32
16.040        30
16.060        30
16.080        32
16.100        30
16.120        32
16.140        30
16.160        31
16.180        28
16.200        30
16.220        30
16.240        32
16.260        30
16.280        32
16.300        32
16.320        29
16.340        31
16.360        31
16.380        28
16.400        31
16.420        31
16.440        30
16.460        27
16.480        31
16.500        31
16.520        31
16.540        30
16.560        30
16.580        29
16.600        29
16.620        31
16.640        29
16.660        27
16.680        31
16.700        30
16.720        30
16.740        28
16.760        28
16.780        32
16.800        28
16.820        28
16.840        30
16.860        30
16.880        28
16.900        26
16.920        32
16.940        27
16.960        28
16.980        28
17.000        29
17.020        32
17.040        29
17.060        31
17.080        29
17.100        30
17.120        30
17.140        27
17.160        31
17.180        27
17.200        29
17.220        29
17.240        28
17.260        28
17.280        31
17.300        29
17.320        30
17.340        26
17.360        33
17.380        28
17.400        26
17.420        31
17.440        30
17.460        31
17.480        34
17.500        30
17.520        30
17.540        31
17.560        28
17.580        34
17.600        28
17.620        30
17.640        28
17.660        29
17.680        30
17.700        28
17.720        28
17.740        30
17.760        29
17.780        30
17.800        31
17.820        28
17.840        30
17.860        30
17.880        32
17.900        31
17.920        32
17.940        28
17.960        30
17.980        30
18.000        32
18.020        32
18.040        28
18.060        27
18.080        30
18.100        30
18.120        31
18.140        29
18.160        29
18.180        30
18.200        30
18.220        29
18.240        33
18.260        35
18.280        29
18.300        31
18.320        30
18.340        32
18.360        30
18.380        30
18.400        29
18.420        28
18.440        31
18.460        30
18.480        32
18.500        28
18.520        30
18.540        28
18.560        30
18.580        32
18.600        34
18.620        29
18.640        28
18.660        32
18.680        30
18.700        34
18.720        31
18.740        27
18.760        31
18.780        30
18.800        30
18.820        28
18.840        26
18.860        32
18.880        32
18.900        31
18.920        32
18.940        32
18.960        30
18.980        29
19.000        30
19.020        28
19.040        30
19.060        28
19.080        29
19.100        28
19.120        36
19.140        32
19.160        27
19.180        30
19.200        33
19.220        31
19.240        30
19.260        30
19.280        30
19.300        32
19.320        33
19.340        30
19.360        30
19.380        28
19.400        29
19.420        30
19.440        32
19.460        29
19.480        29
19.500        29
19.520        29
19.540        31
19.560        33
19.580        31
19.600        27
19.620        30
19.640        28
19.660        30
19.680        29
19.700        28
19.720        26
19.740        28
19.760        31
19.780        28
19.800        31
19.820        31
19.840        28
19.860        30
19.880        31
19.900        30
19.920        28
19.940        28
19.960        28
19.980        28
20.000        26
20.020        28
20.040        26
20.060        30
20.080        26
20.100        28
20.120        29
20.140        28
20.160        29
20.180        26
20.200        30
20.220        29
20.240        28
20.260        29
20.280        29
20.300        31
20.320        28
20.340        26
20.360        30
20.380        30
20.400        30
20.420        28
20.440        28
20.460        26
20.480        32
20.500        27
20.520        29
20.540        30
20.560        31
20.580        30
20.600        31
20.620        26
20.640        28
20.660        29
20.680        32
20.700        29
20.720        30
20.740        27
20.760        28
20.780        28
20.800        29
20.820        28
20.840        29
20.860        30
20.880        27
20.900        30
20.920        29
20.940        28
20.960        27
20.980        32
21.000        28
21.020        30
21.040        27
21.060        30
21.080        29
21.100        31
21.120        29
21.140        29
21.160        31
21.180        29
21.200        29
21.220        31
21.240        29
21.260        31
21.280        30
21.300        31
21.320        27
21.340        32
21.360        28
21.380        32
21.400        33
21.420        28
21.440        31
21.460        30
21.480        28
21.500        35
21.520        30
21.540        31
21.560        28
21.580        27
21.600        30
21.620        31
21.640        28
21.660        32
21.680        31
21.700        32
21.720        31
21.740        30
21.760        29
21.780        32
21.800        32
21.820        32
21.840        35
21.860        30
21.880        30
21.900        28
21.920        30
21.940        34
21.960        33
21.980        33
22.000        32
22.020        34
22.040        33
22.060        34
22.080        36
22.100        32
22.120        32
22.140        33
22.160        32
22.180        36
22.200        33
22.220        33
22.240        33
22.260        35
22.280        37
22.300        34
22.320        33
22.340        33
22.360        34
22.380        34
22.400        33
22.420        40
22.440        35
22.460        34
22.480        34
22.500        36
22.520        39
22.540        37
22.560        34
22.580        38
22.600        37
22.620        36
22.640        40
22.660        39
22.680        37
22.700        41
22.720        39
22.740        41
22.760        42
22.780        38
22.800        40
22.820        40
22.840        41
22.860        41
22.880        41
22.900        41
22.920        38
22.940        41
22.960        47
22.980        40
23.000        45
23.020        44
23.040        42
23.060        45
23.080        46
23.100        46
23.120        43
23.140        46
23.160        47
23.180        48
23.200        45
23.220        50
23.240        50
23.260        49
23.280        52
23.300        49
23.320        51
23.340        52
23.360        49
23.380        50
23.400        55
23.420        57
23.440        56
23.460        57
23.480        62
23.500        58
23.520        59
23.540        59
23.560        58
23.580        58
23.600        53
23.620        65
23.640        64
23.660        61
23.680        59
23.700        64
23.720        65
23.740        70
23.760        64
23.780        69
23.800        66
23.820        74
23.840        68
23.860        68
23.880        73
23.900        76
23.920        76
23.940        75
23.960        79
23.980        76
24.000        83
24.020        84
24.040        83
24.060        86
24.080        82
24.100        87
24.120        94
24.140        95
24.160        89
24.180        95
24.200        90
24.220        92
24.240        98
24.260        99
24.280       104
24.300       107
24.320       110
24.340       110
24.360       114
24.380       112
24.400       109
24.420       121
24.440       124
24.460       124
24.480       121
24.500       134
24.520       131
24.540       140
24.560       141
24.580       142
24.600       142
24.620       163
24.640       159
24.660       160
24.680       166
24.700       174
24.720       180
24.740       194
24.760       185
24.780       182
24.800       197
24.820       200
24.840       213
24.860       216
24.880       223
24.900       223
24.920       240
24.940       244
24.960       259
24.980       255
25.000       271
25.020       282
25.040       280
25.060       304
25.080       313
25.100       326
25.120       337
25.140       350
25.160       356
25.180       372
25.200       384
25.220       386
25.240       415
25.260       414
25.280       442
25.300       453
25.320       458
25.340       464
25.360       508
25.380       499
25.400       509
25.420       524
25.440       516
25.460       546
25.480       534
25.500       525
25.520       538
25.540       542
25.560       535
25.580       542
25.600       543
25.620       520
25.640       520
25.660       514
25.680       505
25.700       502
25.720       471
25.740       465
25.760       446
25.780       431
25.800       421
25.820       400
25.840       394
25.860       377
25.880       366
25.900       340
25.920       341
25.940       318
25.960       305
25.980       303
26.000       283
26.020       278
26.040       257
26.060       253
26.080       244
26.100       231
26.120       234
26.140       217
26.160       203
26.180       210
26.200       197
26.220       192
26.240       188
26.260       180
26.280       175
26.300       169
26.320       162
26.340       161
26.360       151
26.380       150
26.400       155
26.420       141
26.440       136
26.460       130
26.480       130
26.500       135
26.520       126
26.540       121
26.560       124
26.580       120
26.600       115
26.620       109
26.640       107
26.660       109
26.680       102
26.700       107
26.720       102
26.740       102
26.760       103
26.780        98
26.800        96
26.820        92
26.840        91
26.860        89
26.880        91
26.900        87
26.920        84
26.940        80
26.960        85
26.980        76
27.000        82
27.020        75
27.040        74
27.060        78
27.080        79
27.100        71
27.120        65
27.140        71
27.160        73
27.180        70
27.200        63
27.220        66
27.240        63
27.260        69
27.280        66
27.300        64
27.320        62
27.340        65
27.360        64
27.380        60
27.400        58
27.420        59
27.440        51
27.460        58
27.480        58
27.500        57
27.520        55
27.540        53
27.560        52
27.580        50
27.600        48
27.620        52
27.640        49
27.660        49
27.680        53
27.700        49
27.720        47
27.740        44
27.760        45
27.780        48
27.800        44
27.820        47
27.840        44
27.860        48
27.880        45
27.900        43
27.920        43
27.940        42
27.960        39
27.980        42
28.000        43
28.020        42
28.040        40
28.060        40
28.080        41
28.100        40
28.120        38
28.140        40
28.160        45
28.180        42
28.200        39
28.220        34
28.240        37
28.260        37
28.280        35
28.300        37
28.320        36
28.340        35
28.360        33
28.380        36
28.400        38
28.420        36
28.440        39
28.460        30
28.480        37
28.500        35
28.520        33
28.540        35
28.560        33
28.580        33
28.600        35
28.620        31
28.640        34
28.660        35
28.680        34
28.700        34
28.720        31
28.740        31
28.760        31
28.780        29
28.800        32
28.820        31
28.840        30
28.860        30
28.880        30
28.900        32
28.920        31
28.940        29
28.960        28
28.980        31
29.000        30
29.020        29
29.040        30
29.060        28
29.080        30
29.100        29
29.120        27
29.140        29
29.160        30
29.180        28
29.200        28
29.220        29
29.240        27
29.260        28
29.280        27
29.300        27
29.320        25
29.340        26
29.360        26
29.380        25
29.400        29
29.420        28
29.440        28
29.460        28
29.480        30
29.500        30
29.520        24
29.540        25
29.560        29
29.580        26
29.600        26
29.620        27
29.640        26
29.660        23
29.680        28
29.700        22
29.720        26
29.740        27
29.760        21
29.780        28
29.800        24
29.820        26
29.840        27
29.860        23
29.880        28
29.900        22
29.920        26
29.940        26
29.960        25
29.980        26
30.000        28
30.020        28
30.040        25
30.060        28
30.080        26
30.100        25
30.120        23
30.140        25
30.160        25
30.180        24
30.200        28
30.220        24
30.240        28
30.260        25
30.280        24
30.300        23
30.320        27
30.340        28
30.360        26
30.380        25
30.400        25
30.420        28
30.440        28
30.460        24
30.480        23
30.500        23
30.520        26
30.540        25
30.560        23
30.580        24
30.600        27
30.620        21
30.640        25
30.660        25
30.680        27
30.700        26
30.720        24
30.740        25
30.760        24
30.780        26
30.800        26
30.820        24
30.840        24
30.860        26
30.880        26
30.900        24
30.920        24
30.940        21
30.960        22
30.980        24
31.000        26
31.020        22
31.040        22
31.060        24
31.080        25
31.100        24
31.120        23
31.140        22
31.160        26
31.180        23
31.200        23
31.220        21
31.240        26
31.260        21
31.280        24
31.300        22
31.320        21
31.340        24
31.360        22
31.380        22
31.400        24
31.420        20
31.440        24
31.460        20
31.480        21
31.500        24
31.520        24
31.540        20
31.560        22
31.580        22
31.600        23
31.620        22
31.640        24
31.660        22
31.680        23
31.700        23
31.720        23
31.740        20
31.760        24
31.780        22
31.800        24
31.820        23
31.840        22
31.860        21
31.880        22
31.900        23
31.920        23
31.940        22
31.960        23
31.980        22
32.000        21
32.020        23
32.040        22
32.060        23
32.080        24
32.100        19
32.120        21
32.140        22
32.160        23
32.180        20
32.200        20
32.220        19
32.240        21
32.260        21
32.280        21
32.300        19
32.320        19
32.340        21
32.360        20
32.380        21
32.400        24
32.420        20
32.440        21
32.460        23
32.480        24
32.500        18
32.520        22
32.540        20
32.560        21
32.580        19
32.600        20
32.620        24
32.640        22
32.660        23
32.680        22
32.700        25
32.720        21
32.740        20
32.760        22
32.780        22
32.800        21
32.820        22
32.840        22
32.860        22
32.880        21
32.900        21
32.920        20
32.940        22
32.960        21
32.980        20
33.000        22
33.020        21
33.040        26
33.060        21
33.080        20
33.100        20
33.120        18
33.140        22
33.160        20
33.180        20
33.200        22
33.220        22
33.240        22
33.260        22
33.280        22
33.300        18
33.320        21
33.340        22
33.360        21
33.380        22
33.400        21
33.420        19
33.440        23
33.460        23
33.480        22
33.500        24
33.520        23
33.540        20
33.560        21
33.580        23
33.600        22
33.620        22
33.640        22
33.660        22
33.680        22
33.700        22
33.720        24
33.740        21
33.760        21
33.780        20
33.800        23
33.820        22
33.840        23
33.860        21
33.880        22
33.900        20
33.920        24
33.940        24
33.960        21
33.980        23
34.000        23
34.020        22
34.040        21
34.060        21
34.080        21
34.100        23
34.120        22
34.140        22
34.160        22
34.180        23
34.200        22
34.220        24
34.240        24
34.260        24
34.280        20
34.300        20
34.320        22
34.340        22
34.360        22
34.380        24
34.400        23
34.420        22
34.440        24
34.460        22
34.480        22
34.500        23
34.520        22
34.540        22
34.560        25
34.580        22
34.600        22
34.620        22
34.640        19
34.660        23
34.680        21
34.700        21
34.720        24
34.740        22
34.760        27
34.780        23
34.800        25
34.820        24
34.840        24
34.860        23
34.880        21
34.900        23
34.920        25
34.940        26
34.960        25
34.980        22
35.000        24
35.020        23
35.040        24
35.060        25
35.080        24
35.100        26
35.120        25
35.140        26
35.160        26
35.180        26
35.200        25
35.220        25
35.240        26
35.260        26
35.280        25
35.300        24
35.320        26
35.340        26
35.360        22
35.380        29
35.400        27
35.420        26
35.440        25
35.460        26
35.480        27
35.500        29
35.520        32
35.540        27
35.560        27
35.580        29
35.600        30
35.620        28
35.640        29
35.660        32
35.680        30
35.700        29
35.720        29
35.740        32
35.760        27
35.780        29
35.800        30
35.820        30
35.840        32
35.860        31
35.880        32
35.900        29
35.920        33
35.940        31
35.960        30
35.980        33
36.000        34
36.020        34
36.040        32
36.060        38
36.080        39
36.100        34
36.120        35
36.140        39
36.160        38
36.180        39
36.200        38
36.220        38
36.240        34
36.260        38
36.280        42
36.300        39
36.320        39
36.340        40
36.360        41
36.380        42
36.400        43
36.420        43
36.440        41
36.460        42
36.480        42
36.500        43
36.520        46
36.540        47
36.560        46
36.580        44
36.600        50
36.620        48
36.640        52
36.660        52
36.680        51
36.700        54
36.720        59
36.740        59
36.760        52
36.780        63
36.800        59
36.820        60
36.840        57
36.860        62
36.880        62
36.900        64
36.920        65
36.940        64
36.960        63
36.980        64
37.000        64
37.020        64
37.040        64
37.060        66
37.080        71
37.100        78
37.120        77
37.140        77
37.160        73
37.180        77
37.200        75
37.220        81
37.240        80
37.260        81
37.280        82
37.300        81
37.320        78
37.340        87
37.360        85
37.380        81
37.400        83
37.420        91
37.440        89
37.460        88
37.480        92
37.500        91
37.520        95
37.540        92
37.560        99
37.580        97
37.600        98
37.620        97
37.640       103
37.660       101
37.680       103
37.700       103
37.720       112
37.740       107
37.760       106
37.780       107
37.800       110
37.820       111
37.840       116
37.860       112
37.880       113
37.900       113
37.920       112
37.940       116
37.960       115
37.980       116
38.000       117
38.020       117
38.040       123
38.060       115
38.080       121
38.100       113
38.120       116
38.140       123
38.160       116
38.180       116
38.200       124
38.220       119
38.240       117
38.260       116
38.280       114
38.300       112
38.320       111
38.340       123
38.360       122
38.380       115
38.400       110
38.420       104
38.440       116
38.460       109
38.480       113
38.500       104
38.520       103
38.540       105
38.560       101
38.580        95
38.600        97
38.620       100
38.640        99
38.660        99
38.680        94
38.700        94
38.720        94
38.740        93
38.760        93
38.780        91
38.800        87
38.820        86
38.840        85
38.860        78
38.880        80
38.900        76
38.920        76
38.940        71
38.960        72
38.980        70
39.000        69
39.020        68
39.040        71
39.060        70
39.080        67
39.100        63
39.120        64
39.140        56
39.160        59
39.180        55
39.200        56
39.220        54
39.240        55
39.260        53
39.280        51
39.300        50
39.320        48
39.340        47
39.360        47
39.380        44
39.400        45
39.420        46
39.440        43
39.460        43
39.480        46
39.500        42
39.520        41
39.540        40
39.560        39
39.580        40
39.600        41
39.620        39
39.640        36
39.660        36
39.680        41
39.700        33
39.720        36
39.740        33
39.760        36
39.780        32
39.800        35
39.820        34
39.840        32
39.860        31
39.880        33
39.900        29
39.920        30
39.940        28
39.960        32
39.980        29
40.000        30
40.020        32
40.040        28
40.060        28
40.080        30
40.100        27
40.120        29
40.140        30
40.160        28
40.180        26
40.200        26
40.220        28
40.240        24
40.260        26
40.280        26
40.300        26
40.320        28
40.340        26
40.360        23
40.380        24
40.400        23
40.420        23
40.440        22
40.460        21
40.480        23
40.500        25
40.520        22
40.540        24
40.560        20
40.580        19
40.600        22
40.620        24
40.640        24
40.660        21
40.680        20
40.700        21
40.720        21
40.740        22
40.760        23
40.780        22
40.800        22
40.820        24
40.840        19
40.860        20
40.880        19
40.900        22
40.920        19
40.940        22
40.960        22
40.980        24
41.000        22
41.020        21
41.040        21
41.060        20
41.080        21
41.100        18
41.120        20
41.140        21
41.160        19
41.180        19
41.200        20
41.220        21
41.240        20
41.260        20
41.280        19
41.300        20
41.320        21
41.340        19
41.360        19
41.380        17
41.400        19
41.420        19
41.440        20
41.460        17
41.480        18
41.500        20
41.520        19
41.540        19
41.560        17
41.580        18
41.600        18
41.620        17
41.640        18
41.660        18
41.680        17
41.700        16
41.720        17
41.740        18
41.760        19
41.780        18
41.800        19
41.820        20
41.840        18
41.860        18
41.880        16
41.900        18
41.920        18
41.940        18
41.960        18
41.980        19
42.000        17
42.020        15
42.040        14
42.060        16
42.080        16
42.100        17
42.120        17
42.140        17
42.160        17
42.180        17
42.200        18
42.220        18
42.240        19
42.260        18
42.280        19
42.300        19
42.320        19
42.340        18
42.360        17
42.380        18
42.400        17
42.420        18
42.440        15
42.460        18
42.480        17
42.500        17
42.520        17
42.540        15
42.560        17
42.580        14
42.600        16
42.620        16
42.640        17
42.660        15
42.680        15
42.700        15
42.720        17
42.740        16
42.760        16
42.780        16
42.800        16
42.820        19
42.840        14
42.860        18
42.880        18
42.900        15
42.920        16
42.940        16
42.960        18
42.980        18
43.000        18
43.020        15
43.040        19
43.060        18
43.080        18
43.100        16
43.120        16
43.140        18
43.160        15
43.180        16
43.200        16
43.220        14
43.240        18
43.260        16
43.280        19
43.300        16
43.320        17
43.340        16
43.360        18
43.380        20
43.400        16
43.420        17
43.440        17
43.460        17
43.480        18
43.500        17
43.520        14
43.540        14
43.560        15
43.580        17
43.600        15
43.620        17
43.640        16
43.660        16
43.680        14
43.700        15
43.720        19
43.740        18
43.760        15
43.780        17
43.800        18
43.820        16
43.840        18
43.860        16
43.880        15
43.900        16
43.920        19
43.940        19
43.960        15
43.980        16
44.000        16
44.020        14
44.040        16
44.060        17
44.080        17
44.100        15
44.120        15
44.140        18
44.160        16
44.180        18
44.200        16
44.220        18
44.240        18
44.260        17
44.280        15
44.300        18
44.320        16
44.340        17
44.360        15
44.380        16
44.400        18
44.420        16
44.440        18
44.460        15
44.480        17
44.500        18
44.520        18
44.540        20
44.560        17
44.580        17
44.600        16
44.620        15
44.640        17
44.660        17
44.680        17
44.700        15
44.720        16
44.740        17
44.760        18
44.780        18
44.800        20
44.820        18
44.840        17
44.860        18
44.880        18
44.900        19
44.920        17
44.940        17
44.960        16
44.980        21
45.000        17
45.020        17
45.040        17
45.060        17
45.080        18
45.100        17
45.120        16
45.140        16
45.160        18
45.180        18
45.200        17
45.220        18
45.240        18
45.260        21
45.280        18
45.300        18
45.320        19
45.340        19
45.360        20
45.380        20
45.400        20
45.420        19
45.440        17
45.460        18
45.480        20
45.500        18
45.520        18
45.540        19
45.560        17
45.580        22
45.600        18
45.620        20
45.640        21
45.660        18
45.680        20
45.700        21
45.720        18
45.740        21
45.760        19
45.780        21
45.800        22
45.820        22
45.840        20
45.860        21
45.880        20
45.900        21
45.920        19
45.940        22
45.960        22
45.980        21
46.000        22
46.020        23
46.040        21
46.060        24
46.080        24
46.100        22
46.120        23
46.140        24
46.160        25
46.180        26
46.200        24
46.220        25
46.240        18
46.260        24
46.280        23
46.300        24
46.320        26
46.340        25
46.360        24
46.380        26
46.400        28
46.420        25
46.440        29
46.460        25
46.480        28
46.500        27
46.520        29
46.540        27
46.560        27
46.580        30
46.600        27
46.620        31
46.640        31
46.660        32
46.680        33
46.700        32
46.720        31
46.740        34
46.760        35
46.780        32
46.800        32
46.820        33
46.840        36
46.860        36
46.880        35
46.900        36
46.920        37
46.940        42
46.960        40
46.980        41
47.000        42
47.020        41
47.040        42
47.060        44
47.080        43
47.100        46
47.120        47
47.140        50
47.160        48
47.180        48
47.200        54
47.220        49
47.240        56
47.260        52
47.280        57
47.300        55
47.320        61
47.340        60
47.360        63
47.380        69
47.400        64
47.420        72
47.440        69
47.460        71
47.480        78
47.500        74
47.520        80
47.540        79
47.560        86
47.580        89
47.600        91
47.620        94
47.640        95
47.660        97
47.680        99
47.700       104
47.720       105
47.740       117
47.760       117
47.780       123
47.800       119
47.820       119
47.840       128
47.860       137
47.880       141
47.900       140
47.920       142
47.940       152
47.960       152
47.980       156
48.000       161
48.020       156
48.040       161
48.060       169
48.080       169
48.100       172
48.120       171
48.140       168
48.160       167
48.180       171
48.200       176
48.220       167
48.240       175
48.260       170
48.280       159
48.300       164
48.320       163
48.340       154
48.360       154
48.380       162
48.400       148
48.420       144
48.440       138
48.460       133
48.480       140
48.500       130
48.520       129
48.540       125
48.560       120
48.580       116
48.600       114
48.620       110
48.640       103
48.660       101
48.680       105
48.700        94
48.720        92
48.740        89
48.760        86
48.780        80
48.800        80
48.820        79
48.840        79
48.860        74
48.880        72
48.900        73
48.920        70
48.940        65
48.960        66
48.980        57
49.000        60
49.020        62
49.040        58
49.060        54
49.080        54
49.100        50
49.120        51
49.140        49
49.160        45
49.180        44
49.200        45
49.220        46
49.240        46
49.260        45
49.280        44
49.300        39
49.320        41
49.340        39
49.360        42
49.380        40
49.400        38
49.420        34
49.440        38
49.460        38
49.480        34
49.500        36
49.520        38
49.540        36
49.560        30
49.580        38
49.600        31
49.620        31
49.640        28
49.660        33
49.680        32
49.700        28
49.720        29
49.740        26
49.760        32
49.780        30
49.800        28
49.820        28
49.840        30
49.860        28
49.880        28
49.900        27
49.920        26
49.940        25
49.960        25
49.980        26
50.000        25
